data = ...
[1 -83 47 39 67 -586.712992 -125.147276 1577.183874 
2 -53 12 92 -75 -376.046424 -188.611056 1165.804270 
3 88 27 70 35 -423.359125 -203.480276 1267.504352 
4 60 54 68 28 -114.990420 -25.870465 921.949693 
5 73 23 65 38 -90.607586 -104.552461 644.402558 
6 -55 82 -6 17 -57.599147 -72.669277 804.867255 
7 -43 9 38 97 -365.093992 -138.173643 1156.981053 
8 -5 29 93 9 -261.333349 -13.410693 1021.988035 
9 -87 97 31 -51 -410.060499 -272.767509 1220.498238 
10 31 32 117 -62 -159.637597 -55.255307 892.237856 
11 -60 82 -6 29 -393.476209 -252.857747 1137.370512 
12 84 34 -22 85 -411.082256 -212.341421 1181.322296 
13 -24 64 -35 -19 -379.563835 -230.547264 1120.667743 
14 -63 91 -43 13 -561.239732 -160.925060 1454.702482 
15 27 90 33 -43 -142.167099 10.789300 867.559975 
16 -56 71 -71 31 -173.544341 -160.048256 845.317677 
17 25 65 -13 107 -161.996855 -19.188651 890.931382 
18 -68 81 -56 34 -524.646231 -222.197957 1391.538167 
19 60 39 -27 56 -137.218886 -152.900998 786.257108 
20 -41 14 98 -23 -396.311973 -101.900093 1186.067092 
21 -57 11 21 -13 -280.279374 -244.040602 958.777765 
22 -32 105 -20 -46 -383.527406 -55.207963 1153.059973 
23 -11 74 14 10 -220.173722 -53.244449 703.905214 
24 66 42 78 -70 -100.663232 -101.307703 828.613478 
25 -80 37 94 -45 -356.088388 -50.594793 1131.549080 
26 86 67 -13 95 -174.827443 -18.302476 857.678312 
27 72 94 -53 2 -83.572198 -109.477243 593.142098 
28 51 77 2 76 -103.656727 -85.559374 738.299028 
29 -4 110 -32 3 -223.689492 50.774627 966.399094 
30 49 43 29 -51 -82.896274 -98.505195 590.558471 
31 47 62 42 27 -89.225171 -24.004122 811.201567 
32 -51 95 50 -60 -487.938911 -99.634536 1339.963062 
33 41 37 6 -17 -396.935987 -173.234696 1128.363669 
34 30 59 74 -59 -498.639427 -69.522577 1402.948235 
35 -59 47 29 50 -554.648627 -104.261577 1449.818349 
36 -67 5 92 -86 -387.213501 -217.908040 1200.479282 
37 -66 77 6 4 -646.830310 -112.879442 1586.051353 
38 56 88 -8 -36 -82.644828 -90.403865 589.262297 
39 -69 98 58 -1 -143.915671 23.463543 893.098090 
40 25 10 2 10 -275.790957 -305.584212 1166.507471 
41 -85 80 -57 62 0.000000 0.000000 0.000000 
42 52 62 -2 72 -175.261941 -16.147994 811.653767 
43 -35 35 91 -28 -397.109838 10.475074 1275.285253 
44 -43 81 -55 100 -420.345723 -82.847401 1215.333691 
45 -50 9 2 82 -333.578788 -216.303478 1067.871557 
46 57 82 40 33 -201.331654 38.674116 955.447869 
47 -6 87 -19 83 -250.302504 19.003804 956.476024 
48 -90 108 -17 -35 -249.691974 -5.622544 959.979628 
49 10 33 -8 65 -176.370542 -119.028862 813.676424 
50 33 87 -31 -16 -120.224098 -76.740263 777.516356 
51 -28 36 113 -13 -244.598900 -242.297350 950.863683 
52 -38 67 56 18 -384.552023 18.249540 1193.818901 
53 73 66 -55 15 -292.979224 -189.175461 978.846861 
54 67 45 61 23 -88.030999 -56.301224 857.535080 
55 -46 61 -25 -35 -130.599413 -169.963529 844.016599 
56 48 2 58 -20 -145.266681 -166.705251 815.845256 
57 -54 73 74 -90 -436.260742 -60.304070 1308.523935 
58 45 88 58 12 -343.793142 40.445565 1156.582537 
59 -69 57 75 -15 -630.671996 -107.382077 1616.659019 
60 82 105 50 -84 -426.884278 -21.945866 1318.589752 
61 -11 35 -14 -4 0.000000 0.000000 0.000000 
62 55 58 94 7 -145.649366 -10.341857 950.010845 
63 -16 41 -5 29 -75.011047 -90.529110 532.061013 
64 -42 50 19 -28 -374.417313 -141.271927 1080.137755 
65 -66 46 35 -29 -427.910980 -155.026365 1060.997304 
66 33 49 21 57 -573.060575 -94.889689 1523.547905 
67 57 83 44 -28 -209.914329 31.778096 893.143320 
68 10 70 -55 15 -191.964321 -147.133766 846.461090 
69 21 33 90 -56 -165.360432 -60.342656 856.940643 
70 -83 32 57 67 -541.280764 -127.670572 1508.118510 
71 34 79 11 -5 -739.198775 -167.577839 1813.426126 
72 68 43 30 -40 0.000000 0.000000 0.000000 
73 47 60 -3 55 -176.725419 -28.180023 825.900230 
74 -71 0 90 16 -412.390879 -128.488348 1220.751935 
75 14 101 1 -12 -178.908380 31.257715 903.882782 
76 -44 5 109 -68 -217.505044 4.774886 1022.345493 
77 -40 28 60 -1 -240.790766 41.232464 1006.579042 
78 52 96 30 31 -204.118670 43.548613 949.282146 
79 -58 103 -96 21 -215.836436 47.171133 963.358779 
80 -89 74 71 -30 -542.746262 -16.151939 1523.722711 
81 -62 55 36 -60 -498.902476 -188.561218 1336.805742 
82 -32 79 10 -67 -388.687064 -49.305482 1165.887889 
83 -22 44 48 -87 -296.689741 -140.643747 1025.005092 
84 14 103 -86 76 -179.503257 -53.610340 861.320747 
85 85 67 48 -49 -286.180788 -198.168995 1097.074278 
86 -7 5 55 -2 -239.914752 -202.043923 917.861969 
87 -38 90 -18 57 -452.816856 5.071249 1284.938600 
88 53 31 -21 -4 -198.593498 -234.467301 925.022615 
89 25 47 98 -46 -168.739292 -16.318239 915.833347 
90 -63 59 91 -24 -514.986027 -29.145008 1497.318127 
91 -19 28 108 18 -311.116285 -16.354270 1136.304011 
92 -22 7 21 52 -303.100877 -112.711654 979.164770 
93 -57 32 42 -19 -471.775031 -195.363573 1280.103307 
94 -33 51 -14 -33 -356.732391 -228.062797 1079.334613 
95 29 17 112 -41 -155.206378 -63.024863 863.444786 
96 -31 82 38 -68 -138.657718 -25.946553 843.226351 
97 -69 19 82 36 -514.309963 -117.192821 1455.070333 
98 2 18 97 33 -248.519845 -25.462174 1026.228573 
99 -51 96 -62 87 -516.221494 -9.783353 1470.389396 
100 65 58 18 67 -105.991612 -29.588039 819.757159 
101 -79 56 43 21 -669.160118 -117.487789 1710.822134 
102 -49 2 19 80 -310.825940 -261.886008 1025.638731 
103 85 42 117 -60 -243.872321 -9.952756 1108.518271 
104 -66 42 48 12 -265.390495 -32.241393 963.745939 
105 8 34 -9 -5 -384.971030 -261.743325 1131.497853 
106 -66 78 -4 -56 -499.344305 -183.375678 1353.160369 
107 36 19 110 -28 -158.604701 -50.073520 909.711925 
108 9 23 103 -25 -211.251707 -37.159102 945.980540 
109 13 46 70 -81 -210.280150 -138.117242 895.914443 
110 17 95 -23 33 -184.523049 28.993135 944.509442 
111 -36 67 -23 79 -404.011690 -62.517575 1163.180441 
112 54 105 -34 2 -76.448522 -74.610741 544.609689 
113 18 93 -88 16 -193.030101 -145.309258 883.144113 
114 80 105 -33 58 -78.275376 -47.058797 878.856266 
115 78 74 -15 6 -67.344652 -86.488875 479.051703 
116 -11 75 -1 79 -260.147804 17.993060 1011.044080 
117 -26 37 107 -32 -310.863269 -43.180978 1212.217565 
118 45 13 59 -60 -149.345629 -161.512180 822.600884 
119 30 78 69 -22 -138.962779 18.548172 891.814545 
120 34 94 -19 -2 -98.037116 -24.687292 767.731512 
121 55 91 -61 -27 -129.123022 -133.640770 816.063363 
122 -80 15 12 59 -167.940235 -208.740858 801.013384 
123 -85 52 57 -74 -368.338864 -253.390920 1158.219858 
124 -48 32 -5 17 -338.542212 -223.811123 1036.313070 
125 55 33 91 -20 -124.576253 -165.564380 775.130914 
126 10 81 43 24 -193.759788 41.508131 943.333441 
127 -65 88 -58 -26 -200.434196 -134.451813 892.245775 
128 -67 14 6 102 -398.671611 -215.124828 1210.627375 
129 -41 104 -2 40 -418.083044 17.497595 1375.428934 
130 -24 26 4 46 -289.062296 -153.366210 839.644380 
131 -44 33 -31 64 -270.469903 -180.313381 839.603825 
132 84 94 -93 70 -112.776217 -108.770601 795.813095 
133 -25 12 75 -20 -244.203965 -214.540872 945.180034 
134 3 98 -74 34 -189.589119 -13.923215 837.819677 
135 -80 42 74 -78 -496.985306 -196.111279 1397.317622 
136 30 32 64 -67 -142.732939 -104.799798 811.376113 
137 -12 1 33 4 -232.715908 -205.852354 898.423470 
138 2 23 32 65 -201.854995 -71.147544 866.851918 
139 -16 6 55 15 -198.734764 -66.064779 852.064527 
140 59 33 99 -23 -104.003694 -51.768179 867.364471 
141 -81 28 66 -15 -366.471983 -97.389396 1106.171893 
142 -55 26 99 -13 -552.809418 -140.091741 1557.459866 
143 -64 79 -15 10 -450.888058 -136.552754 1114.063583 
144 38 44 -42 6 -191.104706 -209.103301 871.081047 
145 16 49 100 -81 -128.485894 -64.490138 829.387027 
146 -23 60 -43 98 -295.243764 -92.778590 941.620171 
147 24 100 1 -88 -136.371855 11.197640 838.590959 
148 -33 12 89 -81 -175.331845 -132.201259 868.113727 
149 31 52 -3 33 -121.208714 -70.250550 744.851372 
150 37 90 -40 0 -103.802925 -70.093957 754.684832 
151 -28 73 65 -4 -368.437146 34.011339 1201.749497 
152 68 96 -69 90 -105.235263 -94.418190 775.243057 
153 83 85 55 -83 -94.263427 -96.651098 698.584510 
